#BEGIN_MB
#pT2to3
0.0006, 0.0007, 0.0008, 0.0009
#pT3to4
0.0029, 0.0034, 0.0039, 0.0041, 0.0043, 0.0046
#pT4to5
0.0020, 0.0023, 0.0026, 0.0029, 0.0033
#pT5to6
0.0017, 0.0020, 0.0023, 0.0026, 0.0029, 0.0033
#pT6to8
0.005, 0.006, 0.0075, 0.009, 0.011, 0.013
#pT8to10
0.005, 0.006, 0.007, 0.008, 0.009, 0.012, 0.014, 0.016 0.018
#END_MB

#BEGIN_HM
#pT3to4
0.003, 0.0036, 0.0042, 0.0048, 0.0064, 0.007, 0.0074
#pT4to5
0.0015, 0.0017, 0.0019, 0.0022, 0.0024, 0.0027, 0.003
#pT5to6
0.0015, 0.0016, 0.0017, 0.00185, 0.0021, 0.0024, 0.0027, 0.003
#pT6to8
0.0014, 0.0015, 0.00165, 0.0025, 0.0035, 0.0043, 0.0049
#pT8to10
0.005, 0.007, 0.009, 0.012, 0.013, 0.015
#END_HM

# HM backup
# pT6to8 0.0014, 0.0015, 0.00165, 0.0025, 0.0035, 0.0043, 0.0049, 0.0055, 0.0059, 0.0064, 0.0069
#pT8to10 0.0005, 0.0007, 0.0009, 0.0012, 0.0013, 0.0015
